freq_core,freq_noc,Xbar_size,N_tile,N_pe,N_tier(chiplet),W2d,W3d,Computing_latency,Computing_energy,compute_area,chip_area,2d NoC latency,3d NoC latency,network_latency,network_energy,peak_temperature
0.75,0.75,64,1089,4,2,32,1458,859272711.4499018,14495015551.756779,8457769482289.752,4236428.183223563,43371506.083333336,609094.2789208962,43980600.362254225,14659113657.688694,NA
0.75,0.75,64,1089,4,2,32,648,859272711.4499018,14495015551.756779,8457769482289.752,4236428.183223563,43371506.083333336,1205712.1275720166,44577218.21090535,14325732455.557663,NA
0.75,0.75,64,1089,4,2,32,338,859272711.4499018,14495015551.756779,8457769482289.752,4236428.183223563,43371506.083333336,2190661.120315582,45562167.20364892,14242277875.369295,NA
0.75,0.75,64,1089,4,2,32,242,859272711.4499018,14495015551.756779,8457769482289.752,4236428.183223563,43371506.083333336,3007399.415977962,46378905.4993113,14221388470.935972,NA
0.75,0.75,64,1089,4,2,32,50,859272711.4499018,14495015551.756779,8457769482289.752,4236428.183223563,43371506.083333336,14049701.173333334,57421207.25666667,14186638840.604856,NA
0.75,0.75,64,1089,4,2,32,18,859272711.4499018,14495015551.756779,8457769482289.752,4236428.183223563,43371506.083333336,38792636.59259259,82164142.67592593,14181758425.359837,NA
0.75,0.75,64,841,4,3,32,1458,859272711.4499018,14495015551.756779,9797498807996.809,3271667.867977614,24686214.333333332,950926.8367626886,25637141.17009602,10577125342.468235,NA
0.75,0.75,64,841,4,3,32,648,859272711.4499018,14495015551.756779,9797498807996.809,3271667.867977614,24686214.333333332,2061485.3827160494,26747699.716049384,10240203308.501438,NA
0.75,0.75,64,841,4,3,32,338,859272711.4499018,14495015551.756779,9797498807996.809,3271667.867977614,24686214.333333332,3894892.6863905326,28581107.019723866,10135494654.384392,NA
0.75,0.75,64,841,4,3,32,242,859272711.4499018,14495015551.756779,9797498807996.809,3271667.867977614,24686214.333333332,5415188.628099173,30101402.961432505,10105789526.61076,NA
0.75,0.75,64,841,4,3,32,50,859272711.4499018,14495015551.756779,9797498807996.809,3271667.867977614,24686214.333333332,25969589.76,50655804.093333334,10050239291.107965,NA
0.75,0.75,64,841,4,3,32,18,859272711.4499018,14495015551.756779,9797498807996.809,3271667.867977614,24686214.333333332,72026673.77777778,96712888.11111112,10041481291.492905,NA
0.75,0.75,64,729,4,4,32,1458,859272711.4499018,14495015551.756779,11323625257280.494,2835968.1899293573,24684526.25,1037308.0292638317,25721834.279263835,12707710134.046116,NA
0.75,0.75,64,729,4,4,32,648,859272711.4499018,14495015551.756779,11323625257280.494,2835968.1899293573,24684526.25,2135943.0658436213,26820469.315843623,12082424412.59398,NA
0.75,0.75,64,729,4,4,32,338,859272711.4499018,14495015551.756779,11323625257280.494,2835968.1899293573,24684526.25,3949665.996055227,28634192.246055227,11914134149.42215,NA
0.75,0.75,64,729,4,4,32,242,859272711.4499018,14495015551.756779,11323625257280.494,2835968.1899293573,24684526.25,5453639.283746556,30138165.533746555,11869990643.091988,NA
0.75,0.75,64,729,4,4,32,50,859272711.4499018,14495015551.756779,11323625257280.494,2835968.1899293573,24684526.25,25787358.133333337,50471884.38333333,11793013926.80888,NA
0.75,0.75,64,729,4,4,32,18,859272711.4499018,14495015551.756779,11323625257280.494,2835968.1899293573,24684526.25,71349950.37037037,96034476.62037037,11781650623.625422,NA
0.75,0.75,128,441,4,2,32,1458,192460394.319534,3290984297.794551,1350120200394.663,676977.8627219866,35006536.083333336,407716.5285779606,35414252.61191129,4778799280.536827,NA
0.75,0.75,128,441,4,2,32,648,192460394.319534,3290984297.794551,1350120200394.663,676977.8627219866,35006536.083333336,890937.1893004115,35897473.272633746,4732256730.952603,NA
0.75,0.75,128,441,4,2,32,338,192460394.319534,3290984297.794551,1350120200394.663,676977.8627219866,35006536.083333336,1688680.17357002,36695216.25690336,4717310907.082658,NA
0.75,0.75,128,441,4,2,32,242,192460394.319534,3290984297.794551,1350120200394.663,676977.8627219866,35006536.083333336,2350183.7134986226,37356719.79683196,4713004339.490231,NA
0.75,0.75,128,441,4,2,32,50,192460394.319534,3290984297.794551,1350120200394.663,676977.8627219866,35006536.083333336,11293711.573333332,46300247.656666666,4704847771.66124,NA
0.75,0.75,128,441,4,2,32,18,192460394.319534,3290984297.794551,1350120200394.663,676977.8627219866,35006536.083333336,31333838.814814817,66340374.89814815,4703547528.346984,NA
0.75,0.75,128,361,4,3,32,1458,192460394.319534,3290984297.794551,1657800654226.0999,554172.5886089433,18763691.916666668,757239.6835848194,19520931.600251485,3571241494.839622,NA
0.75,0.75,128,361,4,3,32,648,192460394.319534,3290984297.794551,1657800654226.0999,554172.5886089433,18763691.916666668,1685872.621399177,20449564.538065843,3484923072.266821,NA
0.75,0.75,128,361,4,3,32,338,192460394.319534,3290984297.794551,1657800654226.0999,554172.5886089433,18763691.916666668,3218941.1992110456,21982633.115877714,3454274299.733669,NA
0.75,0.75,128,361,4,3,32,242,192460394.319534,3290984297.794551,1657800654226.0999,554172.5886089433,18763691.916666668,4490190.6005509645,23253882.517217632,3445050990.2568583,NA
0.75,0.75,128,361,4,3,32,50,192460394.319534,3290984297.794551,1657800654226.0999,554172.5886089433,18763691.916666668,21677482.506666668,40441174.42333334,3426984479.2470975,NA
0.75,0.75,128,361,4,3,32,18,192460394.319534,3290984297.794551,1657800654226.0999,554172.5886089433,18763691.916666668,60189747.7037037,78953439.62037037,3424022667.3307896,NA
0.75,0.75,128,256,4,4,32,1458,192460394.319534,3290984297.794551,1567486491161.1506,392987.37502306956,18725277.0,769938.5752171925,19495215.57521719,3398788567.281699,NA
0.75,0.75,128,256,4,4,32,648,192460394.319534,3290984297.794551,1567486491161.1506,392987.37502306956,18725277.0,1698211.794238683,20423488.794238683,3305830154.1177773,NA
0.75,0.75,128,256,4,4,32,338,192460394.319534,3290984297.794551,1567486491161.1506,392987.37502306956,18725277.0,3230686.5167652857,21955963.516765285,3274554759.708202,NA
0.75,0.75,128,256,4,4,32,242,192460394.319534,3290984297.794551,1567486491161.1506,392987.37502306956,18725277.0,4501443.482093664,23226720.482093662,3265352329.8966,NA
0.75,0.75,128,256,4,4,32,50,192460394.319534,3290984297.794551,1567486491161.1506,392987.37502306956,18725277.0,21682077.653333332,40407354.653333336,3247632503.978404,NA
0.75,0.75,128,256,4,4,32,18,192460394.319534,3290984297.794551,1567486491161.1506,392987.37502306956,18725277.0,60179424.5925926,78904701.5925926,3244768000.3241725,NA
0.75,0.75,256,225,4,2,32,1458,105954937.1958528,1022553256.9838592,264254022929.84793,132733.06648020537,25379672.25,312287.3305898491,25691959.58058985,1750260537.4086864,NA
0.75,0.75,256,225,4,2,32,648,105954937.1958528,1022553256.9838592,264254022929.84793,132733.06648020537,25379672.25,696538.1604938272,26076210.410493825,1735840700.8465774,NA
0.75,0.75,256,225,4,2,32,338,105954937.1958528,1022553256.9838592,264254022929.84793,132733.06648020537,25379672.25,1330893.08086785,26710565.330867853,1730660095.899534,NA
0.75,0.75,256,225,4,2,32,242,105954937.1958528,1022553256.9838592,264254022929.84793,132733.06648020537,25379672.25,1856912.1542699726,27236584.404269975,1729093733.7486086,NA
0.75,0.75,256,225,4,2,32,50,105954937.1958528,1022553256.9838592,264254022929.84793,132733.06648020537,25379672.25,8968690.026666665,34348362.27666666,1726014855.827519,NA
0.75,0.75,256,225,4,2,32,18,105954937.1958528,1022553256.9838592,264254022929.84793,132733.06648020537,25379672.25,24904340.444444444,50284012.69444444,1725508689.5937328,NA
0.75,0.75,256,169,4,3,32,1458,105954937.1958528,1022553256.9838592,297726199167.62866,99697.9586774781,13592703.333333334,570247.3068129858,14162950.64014632,1203639835.113208,NA
0.75,0.75,256,169,4,3,32,648,105954937.1958528,1022553256.9838592,297726199167.62866,99697.9586774781,13592703.333333334,1277764.7736625515,14870468.106995886,1175710467.1683805,NA
0.75,0.75,256,169,4,3,32,338,105954937.1958528,1022553256.9838592,297726199167.62866,99697.9586774781,13592703.333333334,2445796.5680473372,16038499.901380671,1165351445.0761552,NA
0.75,0.75,256,169,4,3,32,242,105954937.1958528,1022553256.9838592,297726199167.62866,99697.9586774781,13592703.333333334,3414350.5785123967,17007053.91184573,1162180534.4778347,NA
0.75,0.75,256,169,4,3,32,50,105954937.1958528,1022553256.9838592,297726199167.62866,99697.9586774781,13592703.333333334,16509200.799999999,30101904.133333337,1155891269.2098103,NA
0.75,0.75,256,169,4,3,32,18,105954937.1958528,1022553256.9838592,297726199167.62866,99697.9586774781,13592703.333333334,45851365.18518519,59444068.518518515,1154849871.1373687,NA
0.75,0.75,256,121,4,4,32,1458,105954937.1958528,1022553256.9838592,284219882440.1031,71381.5622865412,13500111.416666666,574435.8994055784,14074547.316072246,1144824269.3840437,NA
0.75,0.75,256,121,4,4,32,648,105954937.1958528,1022553256.9838592,284219882440.1031,71381.5622865412,13500111.416666666,1284305.7736625515,14784417.190329218,1117119914.124916,NA
0.75,0.75,256,121,4,4,32,338,105954937.1958528,1022553256.9838592,284219882440.1031,71381.5622865412,13500111.416666666,2456221.1282051285,15956332.544871794,1107003689.2545702,NA
0.75,0.75,256,121,4,4,32,242,105954937.1958528,1022553256.9838592,284219882440.1031,71381.5622865412,13500111.416666666,3427995.4600550965,16928106.876721766,1103925556.2078638,NA
0.75,0.75,256,121,4,4,32,50,105954937.1958528,1022553256.9838592,284219882440.1031,71381.5622865412,13500111.416666666,16566384.426666668,30066495.843333334,1097846799.5186372,NA
0.75,0.75,256,121,4,4,32,18,105954937.1958528,1022553256.9838592,284219882440.1031,71381.5622865412,13500111.416666666,46006107.85185185,59506219.268518515,1096843720.9191248,NA
0.75,0.75,512,144,4,2,32,1458,125811562.76847866,649270428.62039,63812211556.66534,32144.451487567032,18634859.916666668,212170.98491083676,18847030.901577502,808939149.3244449,NA
0.75,0.75,512,144,4,2,32,648,125811562.76847866,649270428.62039,63812211556.66534,32144.451487567032,18634859.916666668,475626.3827160494,19110486.299382716,803077266.2452365,NA
0.75,0.75,512,144,4,2,32,338,125811562.76847866,649270428.62039,63812211556.66534,32144.451487567032,18634859.916666668,910561.6252465482,19545421.541913215,800896117.0215988,NA
0.75,0.75,512,144,4,2,32,242,125811562.76847866,649270428.62039,63812211556.66534,32144.451487567032,18634859.916666668,1271218.1377410467,19906078.054407712,800227656.6341537,NA
0.75,0.75,512,144,4,2,32,50,125811562.76847866,649270428.62039,63812211556.66534,32144.451487567032,18634859.916666668,6147294.1866666665,24782154.103333335,798900655.9346496,NA
0.75,0.75,512,144,4,2,32,18,125811562.76847866,649270428.62039,63812211556.66534,32144.451487567032,18634859.916666668,17073316.444444444,35708176.36111111,798680775.0870974,NA
0.75,0.75,512,100,4,3,32,1458,125811562.76847866,649270428.62039,66471053704.85973,22322.760860309372,8848368.833333334,427152.94741655234,9275521.780749885,468200681.0047428,NA
0.75,0.75,512,100,4,3,32,648,125811562.76847866,649270428.62039,66471053704.85973,22322.760860309372,8848368.833333334,959044.1316872429,9807412.965020576,456166842.5435572,NA
0.75,0.75,512,100,4,3,32,338,125811562.76847866,649270428.62039,66471053704.85973,22322.760860309372,8848368.833333334,1837136.6785009864,10685505.51183432,451636944.80572546,NA
0.75,0.75,512,100,4,3,32,242,125811562.76847866,649270428.62039,66471053704.85973,22322.760860309372,8848368.833333334,2565267.5922865015,11413636.425619835,450242629.5679376,NA
0.75,0.75,512,100,4,3,32,50,125811562.76847866,649270428.62039,66471053704.85973,22322.760860309372,8848368.833333334,12409597.546666667,21257966.38,447466046.57728,NA
0.75,0.75,512,100,4,3,32,18,125811562.76847866,649270428.62039,66471053704.85973,22322.760860309372,8848368.833333334,34468188.74074074,43316557.574074075,447004844.45651215,NA
0.75,0.75,512,64,4,4,32,1458,125811562.76847866,649270428.62039,56721965828.146965,14286.602937014402,9216714.166666666,419478.16186556924,9636192.328532236,408870116.79876494,NA
0.75,0.75,512,64,4,4,32,648,125811562.76847866,649270428.62039,56721965828.146965,14286.602937014402,9216714.166666666,941250.8641975309,10157965.030864198,398696233.5454705,NA
0.75,0.75,512,64,4,4,32,338,125811562.76847866,649270428.62039,56721965828.146965,14286.602937014402,9216714.166666666,1802638.9349112427,11019353.10157791,394883607.1439225,NA
0.75,0.75,512,64,4,4,32,242,125811562.76847866,649270428.62039,56721965828.146965,14286.602937014402,9216714.166666666,2516918.181818182,11733632.34848485,393712024.94776696,NA
0.75,0.75,512,64,4,4,32,50,125811562.76847866,649270428.62039,56721965828.146965,14286.602937014402,9216714.166666666,12173973.6,21390687.766666666,391381773.8921353,NA
0.75,0.75,512,64,4,4,32,18,125811562.76847866,649270428.62039,56721965828.146965,14286.602937014402,9216714.166666666,33812931.11111111,43029645.277777776,390995072.6672483,NA
freq_core,freq_noc,Xbar_size,N_tile,N_pe,N_tier(chiplet),W2d,W3d,Computing_latency,Computing_energy,compute_area,chip_area,2d NoC latency,3d NoC latency,network_latency,network_energy,peak_temperature
0.75,0.75,256,225,4,2,32,242,105954937.1958528,1022553256.9838592,264254022929.84793,132733.06648020537,25379672.25,1856912.1542699726,27236584.404269975,1729093733.7486086,358.87
0.75,0.75,256,169,4,3,32,242,105954937.1958528,1022553256.9838592,297726199167.62866,99697.9586774781,13592703.333333334,3414350.5785123967,17007053.91184573,1162180534.4778347,372.62
0.75,0.75,256,121,4,4,32,242,105954937.1958528,1022553256.9838592,284219882440.1031,71381.5622865412,13500111.416666666,3427995.4600550965,16928106.876721766,1103925556.2078638,375.64

freq_core,freq_noc,Xbar_size,N_tile,N_pe,N_tile(real),N_tier(chiplet),W2d,W3d,Computing_latency,Computing_energy,compute_area,chip_area,chip_Architecture,2d NoC latency,3d NoC latency,2.5d NoC latency,network_latency,2d NoC energy,3d NoC energy,2.5d NoC energy,network_energy,peak_temperature,placement_method,percent_router
1.0,1.0,256,400,16,400,32,242,2,31610493.763237912,959699742.5965995,413172302358.1244,208407.82740110625,M3D,29442960.125,16055.97520661157,0,29459016.10020661,4616520090.807252,836959.7586560453,0.0,4617357050.565908,NA,1,1.0
1.0,1.0,256,400,16,400,32,242,2,31610493.763237912,959699742.5965995,413172302358.1244,208407.82740110625,H2_5D,29442960.125,0,13460.550931950002,29456420.67593195,4616520090.807252,0.0,272512.1202553152,4616792602.927507,NA,1,1.0
1.0,1.0,256,900,16,900,32,242,1,31610493.763237912,959699742.5965995,464818840152.88995,468903.6735187359,M3D,29556686.25,0.0,0,29556686.25,5084782663.266759,0.0,0.0,5084782663.266759,NA,1,1.0
1.0,1.0,256,900,16,900,32,338,1,31610493.763237912,959699742.5965995,464818840152.88995,467500.30229959567,H2_5D,29556686.25,0.0,0,29556686.25,5084782663.266759,0.0,0.0,5084782663.266759,NA,1,1.0
